Embedding vector shape: (512,)
[ 0.04524306  0.01129629  0.08555068  0.01580778 -0.01667713 -0.02896542
  0.05461502 -0.03950099  0.08258794 -0.00600122 -0.07691238  0.02684777
  0.01093902 -0.0426058   0.05461356 -0.03962107 -0.03633175 -0.06687275
  0.00953574  0.00116761  0.00574665  0.02060827  0.04886594  0.03047482
 -0.05324188  0.00999318 -0.05296139  0.09619512  0.00936965 -0.03944959
 -0.06424703 -0.06196338 -0.02103946  0.0739341  -0.04430606 -0.06283778
  0.03859533  0.0633726   0.03730409  0.02157175 -0.01354062 -0.02329461
 -0.01964888 -0.06057265 -0.00406181 -0.05109023 -0.02909601 -0.04383623
  0.0412592   0.0045228  -0.052347    0.04193304 -0.01707594  0.02505847
 -0.01339562  0.07056472  0.02056589  0.05466671  0.11892225 -0.04434355
  0.00280875  0.04660943  0.0323631  -0.00365791  0.01281838 -0.00491474
  0.03471081 -0.04246005 -0.00117565 -0.08802889 -0.01751869  0.03177005
 -0.0281291   0.08303574 -0.00943681  0.0292066   0.01355467  0.10052313
  0.02128155  0.05328701 -0.05313578 -0.00839702  0.0087659   0.04165432
 -0.00133154  0.04872137  0.03382781  0.01730423 -0.04000048  0.03088341
  0.03303503  0.0082711  -0.02349826  0.04224494  0.03484784  0.00503528
 -0.01943757 -0.02334026  0.04979669 -0.01355562  0.11331853  0.08940831
  0.03872658  0.00211528  0.06033986  0.05459811  0.0447652  -0.06901913
 -0.01033807  0.03845371  0.05866462  0.0667178  -0.0460912   0.0161643
  0.00948385 -0.01379436 -0.02013927  0.01580472 -0.02958971  0.02805692
 -0.00926168  0.02850002  0.02280872  0.02615729 -0.00853063 -0.03420984
  0.012113    0.04043362  0.01017257  0.00832909 -0.04565294 -0.03304846
  0.00672788 -0.06956578  0.0343961   0.02700501  0.03208898 -0.06814228
 -0.04437147 -0.04387536 -0.0248386  -0.0857313   0.05646816 -0.00855457
  0.00582372  0.06903645  0.02090146  0.07182866  0.05956404  0.00152298
  0.07892355  0.00429975  0.03637627  0.01494712 -0.01236041  0.01809138
  0.04858024 -0.03704402  0.04156444 -0.03948443 -0.0407922   0.05526717
  0.05159633 -0.0202175  -0.08095243 -0.01438364 -0.02461883  0.0083465
  0.0128192   0.03610524  0.05052252  0.0056959  -0.01669172  0.02282734
  0.0420875   0.05696436 -0.05910317  0.00493634 -0.05154967 -0.00916692
 -0.11124896  0.05469286  0.0268297   0.01965334  0.02919795 -0.02219998
  0.04521896 -0.01487053  0.06546631  0.02270061  0.01196118 -0.07655046
  0.02200947 -0.01896855  0.01023892 -0.04997146 -0.00743826 -0.04619703
 -0.05292968  0.03179585  0.0207155   0.02390066 -0.00729444 -0.1090159
 -0.0585961   0.09689504  0.09426876 -0.01926626 -0.03852626 -0.00821488
  0.03106933  0.07265377 -0.04700944 -0.04959477  0.00315907  0.05449513
 -0.06340645 -0.01239217 -0.04412836 -0.02970254  0.00184837  0.0976304
  0.06470956  0.01939854  0.00424603  0.00614307 -0.07597123  0.06434851
 -0.01923133  0.00300848 -0.05880577 -0.00153813 -0.00536818  0.0414372
  0.11993494 -0.07383899  0.02583191  0.03568457  0.07241303  0.00125998
 -0.01214571  0.03345265 -0.0632441   0.01274049  0.03439399 -0.01611952
 -0.04339305 -0.04391648 -0.0288289  -0.00956463 -0.04396756  0.0269824
  0.03766326 -0.03657617  0.08290137 -0.02057728 -0.01779384  0.01551946
  0.04156485 -0.01439879 -0.04213565 -0.03108071 -0.01906528 -0.01139943
 -0.01956693 -0.01491989 -0.06871823 -0.12490852 -0.02619806  0.02495587
 -0.01807157  0.00799829  0.00831271 -0.0182565   0.05554508 -0.02175413
  0.0121855  -0.00564011  0.019545    0.06559594  0.01102267  0.04275385
 -0.04292529 -0.0085737  -0.08275855 -0.00082973  0.0085628   0.00234178
 -0.06156527  0.06398657  0.05049611  0.02521233  0.02368936  0.01076541
 -0.00646771  0.06137117 -0.01958991 -0.04930821  0.01010492  0.01399972
 -0.05087504  0.01760465 -0.05945164 -0.03335061  0.06984768  0.00606481
  0.06015348  0.0118573  -0.04749971 -0.03183518 -0.05497954  0.06071825
 -0.02210546  0.00174104  0.04416933 -0.06615194 -0.05160215  0.08255785
  0.01559225  0.00897514 -0.03455745  0.0750432  -0.06198992  0.01887815
 -0.01777957  0.11342996 -0.05248498  0.01966163  0.00051564 -0.02329268
 -0.00956671  0.06204573 -0.02829048 -0.01699695 -0.00895223  0.08104169
 -0.06044883  0.03168445  0.01978187 -0.08981993  0.04309662 -0.03490699
 -0.00880473 -0.00354134 -0.04308986 -0.03015277  0.02877034 -0.05806329
  0.063316   -0.02496678 -0.03956333  0.00109818 -0.00980021  0.04764051
 -0.0542139   0.00095424 -0.01488895 -0.03201233  0.01076298  0.02560077
  0.0333973  -0.01745517  0.00476014 -0.03706628 -0.01067024 -0.01180417
 -0.05894339 -0.03614849 -0.04435631 -0.06702156 -0.01201046 -0.06929595
 -0.00189417  0.00905852  0.01435601  0.04520065  0.01314111 -0.04475477
 -0.03521884  0.03676055  0.00116683  0.04905773 -0.04865705  0.06875174
  0.04746175  0.00589117  0.0017245  -0.05785554  0.06641299 -0.07130983
 -0.01753478 -0.02420725  0.01407569 -0.0748762  -0.01304221 -0.01033003
  0.04674567  0.02440402 -0.08051961  0.03522307 -0.01967258  0.02694942
  0.02990326  0.01246144 -0.03020267  0.04273718  0.02195399  0.01350517
 -0.04053585  0.06487231 -0.00918864  0.01212775  0.08998612 -0.00034958
  0.02771808 -0.05091712 -0.08357494  0.0391544   0.0144291  -0.02063265
 -0.01832895 -0.07651021 -0.0204259   0.00674595 -0.00759959 -0.06619748
  0.01171399 -0.07740754 -0.00266159  0.0210926  -0.09814403 -0.01685632
 -0.01360053 -0.00661659  0.1028493   0.06848055  0.13988858 -0.07086051
  0.00812806  0.00037481  0.04714195  0.0213225   0.03396316  0.02839904
  0.02948394 -0.02835797 -0.01822462  0.06345063 -0.0069483   0.05563571
  0.00664319 -0.02365424 -0.03087043 -0.00477953  0.00292852  0.03185617
  0.00355094 -0.05098482  0.10470837 -0.01794011  0.00045422  0.00742939
 -0.00429343 -0.04302279 -0.00824259  0.0031404   0.02940988  0.02506695
 -0.0113642  -0.01581765 -0.03689891  0.03940495 -0.02456039 -0.02464571
  0.01233799  0.04772287 -0.05583356  0.03769622  0.05683331  0.05317739
  0.04363351  0.04657957  0.01828917 -0.00889541 -0.09762549 -0.06084472
  0.13199328 -0.02010977 -0.0340999   0.06506446 -0.0708402   0.00275154
 -0.00686535  0.01553741  0.05917393  0.07320645  0.00256752  0.03741234
  0.06410763  0.06755514 -0.02321839 -0.0332747   0.04196189  0.033096
 -0.055225    0.00068958 -0.04071182 -0.0369632   0.05143299 -0.03486105
 -0.0289712  -0.0177836 ]